  1.0000000e+000  1.7043202e+001  2.5779225e+001
  2.0000000e+000  3.9679932e+001  7.3994770e+000
  3.0000000e+000  6.8409607e+001  4.0238833e+001
  4.0000000e+000  9.8283520e+001  4.0218399e+001
  5.0000000e+000  6.2067195e+001  1.5436981e+001
  6.0000000e+000  3.8134520e+001  1.6113397e+001
  7.0000000e+000  7.5811243e+001  8.7111112e+001
  8.0000000e+000  3.5077674e+001  6.8553571e+001
  9.0000000e+000  2.9414863e+001  5.3062930e+001
  1.0000000e+001  8.3242339e+001  5.9749019e+001
  1.1000000e+001  3.3531133e+001  2.9922502e+001
  1.2000000e+001  4.5259254e+001  4.2264565e+001
  1.3000000e+001  3.5960632e+001  5.5831920e+001
  1.4000000e+001  7.4254537e+001  4.2433478e+001
  1.5000000e+001  4.2935579e+001  1.2487276e+001
  1.6000000e+001  2.4434016e+000  2.9018527e+001
  1.7000000e+001  3.1752058e+001  6.5369013e+001
  1.8000000e+001  9.5693592e+001  9.3573087e+001
  1.9000000e+001  4.5788633e+001  2.4047840e+001
  2.0000000e+001  7.6389794e+001  7.5932738e+001
  2.1000000e+001  7.4064806e+001  7.4368834e+001
  2.2000000e+001  1.0592042e+001  6.8156043e+001
  2.3000000e+001  4.6326058e+001  2.1216321e+001
  2.4000000e+001  9.8518738e+000  8.2357447e+001
  2.5000000e+001  1.7500974e+001  1.6356991e+001
  2.6000000e+001  6.6598722e+001  8.9438938e+001
  2.7000000e+001  5.1655821e+001  7.0270231e+001
  2.8000000e+001  1.5359038e+001  9.5345707e+001
  2.9000000e+001  5.4088408e+001  6.7973390e+001
  3.0000000e+001  3.6563018e+000  8.0920385e+001
  3.1000000e+001  7.4861887e+001  1.2018702e+001
  3.2000000e+001  5.2504516e+001  3.2583363e+001
  3.3000000e+001  5.4644944e+001  3.9888075e+001
  3.4000000e+001  4.1509339e+001  1.8073776e+001
  3.5000000e+001  2.5538674e+001  2.0535775e+000
  3.6000000e+001  9.2367561e+001  6.5369989e+001
  3.7000000e+001  9.3261357e+001  1.6351237e+001
  3.8000000e+001  9.2109726e+001  7.9465789e+001
  3.9000000e+001  5.7739420e+001  4.4003560e+001
  4.0000000e+001  2.5761374e+001  7.5194639e+001
  4.1000000e+001  2.2866948e+001  6.4187087e+000
  4.2000000e+001  7.6732951e+001  6.7120219e+001
  4.3000000e+001  7.1521251e+001  6.4206083e+001
  4.4000000e+001  4.1904829e+001  3.9076208e+001
  4.5000000e+001  8.1614010e+001  3.1742786e+001
  4.6000000e+001  8.1453977e+001  7.8907351e+001
  4.7000000e+001  8.5226389e+001  5.0563662e+001
  4.8000000e+001  6.3566139e+001  9.5089442e+001
  4.9000000e+001  4.4396416e+001  6.0018820e+000
  5.0000000e+001  8.6674990e+001  6.3118873e+001
